time_hrs	Fraction_of_injected_water_produced
0	0
0.1	1.89564E-50
0.2	2.76332E-38
0.3	1.05217E-31
0.4	2.42682E-27
0.5	3.74975E-24
0.6	1.11601E-21
0.7	1.11136E-19
0.8	5.10641E-18
0.9	1.32405E-16
1	2.214E-15
1.1	2.61819E-14
1.1	2.64631E-14
1.2	2.33863E-13
1.3	1.65935E-12
1.4	9.70714E-12
1.5	4.81885E-11
1.6	2.07702E-10
1.7	7.91788E-10
1.8	2.71025E-09
1.9	8.43492E-09
2	2.41199E-08
2.1	6.3936E-08
2.2	1.583E-07
2.3	1.5909E-07
2.4	3.68476E-07
2.5	8.10934E-07
2.6	1.6957E-06
2.7	3.38362E-06
2.8	6.46755E-06
2.9	1.18822E-05
3	2.10458E-05
3.1	3.60348E-05
3.2	5.97893E-05
3.3	9.63436E-05
3.4	0.000151072
3.5	0.000230938
3.6	0.000344724
3.7	0.00050323
3.8	0.00071942
3.9	0.00100849
4	0.00138785
4.1	0.001877
4.2	0.00249733
4.2	0.00327175
4.3	0.00327664
4.4	0.0042243
4.4	0.00537959
4.5	0.00538677
4.6	0.00676225
4.7	0.0083963
4.8	0.0103045
4.9	0.0125077
5	0.0150242
5.1	0.0178694
5.2	0.0210552
5.3	0.0245895
5.4	0.0284762
5.5	0.0327152
5.6	0.0373018
5.7	0.0422275
5.8	0.0474797
5.9	0.0530423
6	0.058896
6.1	0.0650185
6.2	0.0713856
6.3	0.0779707
6.4	0.0847465
6.5	0.0916845
6.6	0.098756
6.7	0.105932
6.8	0.113186
6.9	0.120489
7	0.127816
7.1	0.135143
7.2	0.142447
7.3	0.149706
7.4	0.156902
7.5	0.164019
7.6	0.17104
7.7	0.177952
7.8	0.184746
7.9	0.19141
8	0.197939
8.1	0.204325
8.2	0.210565
8.3	0.216654
8.3	0.222592
8.4	0.222625
8.5	0.228378
8.6	0.234011
8.7	0.239493
8.8	0.244826
8.8	0.250011
8.9	0.25004
9	0.255052
9.1	0.259952
9.2	0.264715
9.3	0.269343
9.4	0.273843
9.5	0.278216
9.6	0.282469
9.7	0.286604
9.8	0.290626
9.9	0.294539
10	0.298348
10.1	0.302055
10.2	0.305666
10.3	0.309183
10.4	0.31261
10.5	0.315952
10.6	0.31921
10.7	0.322388
10.8	0.32549
10.9	0.328518
11	0.331475
11.1	0.334364
11.2	0.337186
11.3	0.339945
11.4	0.342643
11.5	0.345281
11.6	0.347863
11.7	0.350389
11.8	0.352862
11.9	0.355284
12	0.357655
12.1	0.359978
12.2	0.362255
12.3	0.364486
12.4	0.366674
12.5	0.368819
12.6	0.370922
12.7	0.372985
12.8	0.37501
12.9	0.376996
13	0.378946
13.1	0.38086
13.2	0.382739
13.3	0.384585
13.4	0.386397
13.5	0.388177
13.6	0.389927
13.7	0.391646
13.8	0.393335
13.9	0.394995
14	0.396628
14.1	0.398233
14.2	0.399811
14.3	0.401363
14.4	0.402891
14.5	0.404393
14.6	0.405871
14.7	0.407326
14.8	0.408758
14.9	0.410167
15	0.411555
15.1	0.412921
15.2	0.414267
15.3	0.415593
15.4	0.416899
15.5	0.418185
15.6	0.419453
15.7	0.420702
15.8	0.421934
15.9	0.423148
16	0.424345
16.1	0.425526
16.1	0.42669
16.2	0.426696
16.3	0.427839
16.4	0.428972
16.5	0.43009
16.5	0.431193
16.6	0.431199
16.7	0.432282
16.8	0.433357
16.9	0.434419
17	0.435467
17	0.436502
17.1	0.436507
17.2	0.437525
17.3	0.438535
17.4	0.439533
17.5	0.44052
17.5	0.441494
17.6	0.441499
17.7	0.442458
17.8	0.443411
17.9	0.444353
18	0.445285
18	0.446206
18.1	0.446211
18.2	0.447118
18.3	0.44802
18.4	0.448913
18.5	0.449796
18.6	0.450671
18.7	0.451536
18.8	0.452393
18.9	0.453242
19	0.454083
19.1	0.454915
19.2	0.45574
19.3	0.456558
19.4	0.457368
19.5	0.458171
19.6	0.458966
19.7	0.459755
19.8	0.460537
19.9	0.461313
20	0.462082
20.1	0.462845
20.2	0.463602
20.3	0.464353
20.4	0.465099
20.5	0.465838
20.6	0.466572
20.7	0.467301
20.8	0.468024
20.9	0.468742
21	0.469456
21.1	0.470164
21.2	0.470867
21.3	0.471566
21.4	0.472261
21.5	0.47295
21.6	0.473636
21.7	0.474317
21.8	0.474994
21.9	0.475667
22	0.476336
22.1	0.477002
22.2	0.477663
22.3	0.478321
22.4	0.478975
22.5	0.479625
22.6	0.480273
22.7	0.480916
22.8	0.481557
22.9	0.482194
23	0.482828
23.1	0.483459
23.2	0.484088
23.3	0.484713
23.4	0.485335
23.5	0.485955
23.6	0.486571
23.7	0.487186
23.8	0.487797
23.9	0.488406
24	0.489012
24.1	0.489617
24.2	0.490218
24.3	0.490817
24.4	0.491414
24.5	0.492009
24.6	0.492602
24.7	0.493192
24.8	0.493781
24.9	0.494367
25	0.494951
25.1	0.495533
25.2	0.496114
25.3	0.496692
25.4	0.497269
25.5	0.497844
25.6	0.498417
25.7	0.498988
25.8	0.499557
25.9	0.500125
26	0.500692
26.1	0.501256
26.2	0.501819
26.3	0.502381
26.4	0.50294
26.5	0.503499
26.6	0.504056
26.7	0.504611
26.8	0.505165
26.9	0.505718
27	0.506269
27.1	0.506819
27.2	0.507367
27.3	0.507914
27.4	0.50846
27.5	0.509005
27.6	0.509548
27.7	0.51009
27.8	0.51063
27.9	0.51117
28	0.511708
28.1	0.512245
28.2	0.512781
28.3	0.513315
28.4	0.513849
28.5	0.514381
28.6	0.514912
28.7	0.515442
28.8	0.515971
28.9	0.516498
29	0.517025
29.1	0.51755
29.2	0.518074
29.3	0.518597
29.4	0.519119
29.5	0.51964
29.6	0.52016
29.7	0.520678
29.8	0.521196
29.9	0.521712
30	0.522228
30.1	0.522742
30.2	0.523255
30.3	0.523767
30.4	0.524278
30.5	0.524788
30.6	0.525297
30.7	0.525804
30.8	0.526311
30.9	0.526817
31	0.527321
31.1	0.527824
31.2	0.528326
31.3	0.528827
31.4	0.529327
31.5	0.529826
31.6	0.530324
31.7	0.530821
31.8	0.531316
31.9	0.531811
32	0.532304
32.1	0.532796
32.2	0.533287
32.2	0.533777
32.3	0.533779
32.4	0.534266
32.4	0.534753
32.5	0.534756
32.6	0.53524
32.7	0.535725
32.7	0.536209
32.8	0.536212
32.9	0.536693
32.9	0.537174
33	0.537177
33.1	0.537655
33.2	0.538135
33.2	0.538613
33.3	0.538616
33.4	0.539091
33.4	0.539567
33.5	0.539569
33.6	0.540042
33.7	0.540515
33.7	0.540988
33.8	0.54099
33.9	0.54146
33.9	0.54193
34	0.541932
34.1	0.542399
34.2	0.542867
34.2	0.543333
34.3	0.543336
34.4	0.543799
34.4	0.544263
34.5	0.544266
34.6	0.544726
34.7	0.545188
34.7	0.545649
34.8	0.545652
34.9	0.546109
34.9	0.546567
35	0.546569
35.1	0.547024
35.2	0.54748
35.2	0.547935
35.3	0.547937
35.4	0.548389
35.4	0.548841
35.5	0.548843
35.6	0.549292
35.7	0.549742
35.7	0.550191
35.8	0.550193
35.9	0.550639
35.9	0.551085
36	0.551087
36.1	0.55153
36.2	0.551974
36.2	0.552417
36.3	0.552419
36.4	0.552859
36.4	0.553299
36.5	0.553301
36.6	0.553738
36.7	0.554176
36.8	0.554613
36.9	0.555049
37	0.555483
37.1	0.555917
37.2	0.556349
37.3	0.55678
37.4	0.557209
37.5	0.557638
37.6	0.558065
37.7	0.558491
37.8	0.558916
37.9	0.55934
38	0.559762
38.1	0.560184
38.2	0.560604
38.3	0.561023
38.4	0.561441
38.5	0.561857
38.6	0.562273
38.7	0.562687
38.8	0.563101
38.9	0.563513
39	0.563924
39.1	0.564333
39.2	0.564742
39.3	0.565149
39.4	0.565556
39.5	0.565961
39.6	0.566365
39.7	0.566768
39.8	0.56717
39.9	0.567571
40	0.56797
40.1	0.568369
40.2	0.568766
40.3	0.569163
40.4	0.569558
40.5	0.569952
40.6	0.570345
40.7	0.570737
40.8	0.571128
40.9	0.571518
41	0.571907
41.1	0.572295
41.2	0.572681
41.3	0.573067
41.4	0.573451
41.5	0.573835
41.6	0.574217
41.7	0.574599
41.8	0.574979
41.9	0.575358
42	0.575736
42.1	0.576113
42.2	0.576489
42.3	0.576865
42.4	0.577239
42.5	0.577612
42.6	0.577984
42.7	0.578355
42.8	0.578725
42.9	0.579094
43	0.579462
43.1	0.579829
43.2	0.580195
43.3	0.58056
43.4	0.580924
43.5	0.581287
43.6	0.58165
43.7	0.582011
43.8	0.582371
43.9	0.58273
44	0.583089
44.1	0.583446
44.2	0.583802
44.3	0.584158
44.4	0.584512
44.5	0.584866
44.6	0.585218
44.7	0.58557
44.8	0.585921
44.9	0.586271
45	0.586619
45.1	0.586967
45.2	0.587314
45.3	0.587661
45.4	0.588006
45.5	0.58835
45.6	0.588694
45.7	0.589036
45.8	0.589378
45.9	0.589719
46	0.590058
46.1	0.590397
46.2	0.590736
46.3	0.591073
46.4	0.591409
46.5	0.591745
46.6	0.592079
46.7	0.592413
46.8	0.592746
46.9	0.593078
47	0.593409
47.1	0.59374
47.2	0.594069
47.3	0.594398
47.4	0.594726
47.5	0.595053
47.6	0.595379
47.7	0.595704
47.8	0.596029
47.9	0.596353
48	0.596676
48.1	0.596998
48.2	0.597319
48.3	0.59764
48.4	0.597959
48.5	0.598278
48.6	0.598596
48.7	0.598914
48.8	0.59923
48.9	0.599546
49	0.599861
49.1	0.600175
49.2	0.600489
49.3	0.600801
49.4	0.601113
49.5	0.601424
49.6	0.601735
49.7	0.602044
49.8	0.602353
49.9	0.602661
50	0.602968
50.1	0.603275
50.2	0.603581
50.3	0.603886
50.4	0.60419
50.5	0.604494
50.6	0.604797
50.7	0.605099
50.8	0.605401
50.9	0.605701
51	0.606001
51.1	0.606301
51.2	0.606599
51.3	0.606897
51.4	0.607194
51.5	0.607491
51.6	0.607787
51.7	0.608082
51.8	0.608376
51.9	0.60867
52	0.608963
52.1	0.609255
52.2	0.609547
52.3	0.609838
52.4	0.610128
52.5	0.610418
52.6	0.610707
52.7	0.610995
52.8	0.611282
52.9	0.611569
53	0.611856
53.1	0.612141
53.2	0.612426
53.3	0.61271
53.4	0.612994
53.5	0.613277
53.6	0.613559
53.7	0.613841
53.8	0.614122
53.9	0.614402
54	0.614682
54.1	0.614961
54.2	0.61524
54.3	0.615518
54.4	0.615795
54.5	0.616071
54.6	0.616347
54.7	0.616623
54.8	0.616897
54.9	0.617171
55	0.617445
55.1	0.617718
55.2	0.61799
55.3	0.618262
55.4	0.618533
55.5	0.618803
55.6	0.619073
55.7	0.619343
55.8	0.619611
55.9	0.619879
56	0.620147
56.1	0.620414
56.2	0.62068
56.3	0.620946
56.4	0.621211
56.5	0.621476
56.6	0.62174
56.7	0.622003
56.8	0.622266
56.9	0.622528
57	0.62279
57.1	0.623051
57.2	0.623312
57.3	0.623572
57.4	0.623831
57.5	0.62409
57.6	0.624348
57.7	0.624606
57.8	0.624864
57.9	0.62512
58	0.625376
58.1	0.625632
58.2	0.625887
58.3	0.626142
58.4	0.626396
58.5	0.626649
58.6	0.626902
58.7	0.627154
58.8	0.627406
58.9	0.627658
59	0.627908
59.1	0.628159
59.2	0.628408
59.3	0.628658
59.4	0.628906
59.5	0.629155
59.6	0.629402
59.7	0.629649
59.8	0.629896
59.9	0.630142
60	0.630388
60.1	0.630633
60.2	0.630878
60.3	0.631122
60.4	0.631365
60.5	0.631609
60.6	0.631851
60.7	0.632093
60.8	0.632335
60.9	0.632576
61	0.632817
61.1	0.633057
61.2	0.633297
61.3	0.633536
61.4	0.633774
61.5	0.634013
61.6	0.63425
61.7	0.634488
61.8	0.634724
61.9	0.634961
62	0.635197
62.1	0.635432
62.2	0.635667
62.3	0.635901
62.4	0.636135
62.5	0.636369
62.6	0.636602
62.7	0.636834
62.8	0.637067
62.9	0.637298
63	0.637529
63.1	0.63776
63.2	0.637991
63.3	0.63822
63.4	0.63845
63.5	0.638679
63.6	0.638907
63.7	0.639135
63.8	0.639363
63.9	0.63959
64	0.639817
64.1	0.640043
64.2	0.640269
64.2	0.640494
64.3	0.640496
64.4	0.640719
64.4	0.640944
64.5	0.640945
64.6	0.641168
64.7	0.641392
64.7	0.641615
64.8	0.641616
64.9	0.641838
64.9	0.64206
65	0.642062
65.1	0.642282
65.2	0.642504
65.2	0.642725
65.3	0.642726
65.4	0.642946
65.4	0.643166
65.5	0.643167
65.6	0.643386
65.7	0.643606
65.7	0.643825
65.8	0.643826
65.9	0.644043
65.9	0.644261
66	0.644263
66.1	0.644479
66.2	0.644697
66.2	0.644914
66.3	0.644915
66.4	0.64513
66.4	0.645347
66.5	0.645348
66.6	0.645562
66.7	0.645778
66.7	0.645993
66.8	0.645994
66.9	0.646207
66.9	0.646422
67	0.646423
67.1	0.646635
67.2	0.646849
67.2	0.647062
67.3	0.647063
67.4	0.647274
67.4	0.647487
67.5	0.647488
67.6	0.647698
67.7	0.64791
67.7	0.648121
67.8	0.648122
67.9	0.648332
67.9	0.648542
68	0.648543
68.1	0.648752
68.2	0.648961
68.2	0.64917
68.3	0.649172
68.4	0.649379
68.4	0.649588
68.5	0.649589
68.6	0.649796
68.7	0.650003
68.7	0.65021
68.8	0.650212
68.9	0.650417
68.9	0.650624
69	0.650625
69.1	0.65083
69.2	0.651036
69.2	0.651241
69.3	0.651242
69.4	0.651446
69.4	0.651651
69.5	0.651652
69.6	0.651855
69.7	0.652059
69.7	0.652262
69.8	0.652264
69.9	0.652466
69.9	0.652668
70	0.65267
70.1	0.652871
70.2	0.653073
70.2	0.653275
70.3	0.653276
70.4	0.653476
70.4	0.653677
70.5	0.653678
70.6	0.653878
70.7	0.654078
70.7	0.654278
70.8	0.654279
70.9	0.654478
70.9	0.654677
71	0.654678
71.1	0.654876
71.2	0.655075
71.2	0.655273
71.3	0.655274
71.4	0.655471
71.4	0.655668
71.5	0.655669
71.6	0.655866
71.7	0.656062
71.7	0.656259
71.8	0.65626
71.9	0.656455
71.9	0.656651
72	0.656652
72.1	0.656846
72.2	0.657042
72.2	0.657236
72.3	0.657238
72.4	0.657431
72.4	0.657625
72.5	0.657626
72.6	0.657819
72.7	0.658012
72.7	0.658206
72.8	0.658207
72.9	0.658398
73	0.658591
73.1	0.658783
73.2	0.658975
73.3	0.659166
73.4	0.659358
73.5	0.659549
73.6	0.659739
73.7	0.659929
73.8	0.660119
73.9	0.660309
74	0.660498
74.1	0.660687
74.2	0.660876
74.3	0.661064
74.4	0.661252
74.5	0.66144
74.6	0.661627
74.7	0.661814
74.8	0.662001
74.9	0.662187
75	0.662373
75.1	0.662559
75.2	0.662745
75.3	0.66293
75.4	0.663115
75.5	0.663299
75.6	0.663484
75.7	0.663668
75.8	0.663851
75.9	0.664035
76	0.664218
76.1	0.664401
76.2	0.664583
76.3	0.664765
76.4	0.664947
76.5	0.665129
76.6	0.66531
76.7	0.665491
76.8	0.665672
76.9	0.665852
77	0.666032
77.1	0.666212
77.2	0.666392
77.3	0.666571
77.4	0.66675
77.5	0.666929
77.6	0.667107
77.7	0.667285
77.8	0.667463
77.9	0.667641
78	0.667818
78.1	0.667995
78.2	0.668172
78.3	0.668348
78.4	0.668524
78.5	0.6687
78.6	0.668876
78.7	0.669051
78.8	0.669226
78.9	0.669401
79	0.669575
79.1	0.669749
79.2	0.669923
79.3	0.670097
79.4	0.67027
79.5	0.670443
79.6	0.670616
79.7	0.670789
79.8	0.670961
79.9	0.671133
80	0.671305
80.1	0.671476
80.2	0.671647
80.3	0.671818
80.4	0.671989
80.5	0.67216
80.6	0.67233
80.7	0.6725
80.8	0.672669
80.9	0.672839
81	0.673008
81.1	0.673177
81.2	0.673345
81.3	0.673514
81.4	0.673682
81.5	0.673849
81.6	0.674017
81.7	0.674184
81.8	0.674351
81.9	0.674518
82	0.674685
82.1	0.674851
82.2	0.675017
82.3	0.675183
82.4	0.675348
82.5	0.675514
82.6	0.675679
82.7	0.675844
82.8	0.676008
82.9	0.676172
83	0.676337
83.1	0.6765
83.2	0.676664
83.3	0.676827
83.4	0.67699
83.5	0.677153
83.6	0.677316
83.7	0.677478
83.8	0.67764
83.9	0.677802
84	0.677964
84.1	0.678125
84.2	0.678286
84.3	0.678447
84.4	0.678608
84.5	0.678768
84.6	0.678929
84.7	0.679089
84.8	0.679248
84.9	0.679408
85	0.679567
85.1	0.679726
85.2	0.679885
85.3	0.680044
85.4	0.680202
85.5	0.68036
85.6	0.680518
85.7	0.680676
85.8	0.680833
85.9	0.68099
86	0.681147
86.1	0.681304
86.2	0.68146
86.3	0.681617
86.4	0.681773
86.5	0.681929
86.6	0.682084
86.7	0.68224
86.8	0.682395
86.9	0.68255
87	0.682704
87.1	0.682859
87.2	0.683013
87.3	0.683167
87.4	0.683321
87.5	0.683475
87.6	0.683628
87.7	0.683781
87.8	0.683934
87.9	0.684087
88	0.68424
88.1	0.684392
88.2	0.684544
88.3	0.684696
88.4	0.684848
88.5	0.684999
88.6	0.685151
88.7	0.685302
88.8	0.685452
88.9	0.685603
89	0.685754
89.1	0.685904
89.2	0.686054
89.3	0.686204
89.4	0.686353
89.5	0.686503
89.6	0.686652
89.7	0.686801
89.8	0.686949
89.9	0.687098
90	0.687246
90.1	0.687394
90.2	0.687542
90.3	0.68769
90.4	0.687838
90.5	0.687985
90.6	0.688132
90.7	0.688279
90.8	0.688426
90.9	0.688572
91	0.688719
91.1	0.688865
91.2	0.689011
91.3	0.689156
91.4	0.689302
91.5	0.689447
91.6	0.689592
91.7	0.689737
91.8	0.689882
91.9	0.690027
92	0.690171
92.1	0.690315
92.2	0.690459
92.3	0.690603
92.4	0.690747
92.5	0.69089
92.6	0.691033
92.7	0.691176
92.8	0.691319
92.9	0.691462
93	0.691604
93.1	0.691746
93.2	0.691888
93.3	0.69203
93.4	0.692172
93.5	0.692313
93.6	0.692455
93.7	0.692596
93.8	0.692737
93.9	0.692877
94	0.693018
94.1	0.693158
94.2	0.693298
94.3	0.693438
94.4	0.693578
94.5	0.693718
94.6	0.693857
94.7	0.693997
94.8	0.694136
94.9	0.694275
95	0.694413
95.1	0.694552
95.2	0.69469
95.3	0.694828
95.4	0.694966
95.5	0.695104
95.6	0.695242
95.7	0.695379
95.8	0.695517
95.9	0.695654
96	0.695791
96.1	0.695927
96.2	0.696064
96.3	0.6962
96.4	0.696337
96.5	0.696473
96.6	0.696609
96.7	0.696744
96.8	0.69688
96.9	0.697015
97	0.69715
97.1	0.697285
97.2	0.69742
97.3	0.697555
97.4	0.697689
97.5	0.697824
97.6	0.697958
97.7	0.698092
97.8	0.698226
97.9	0.698359
98	0.698493
98.1	0.698626
98.2	0.698759
98.3	0.698892
98.4	0.699025
98.5	0.699158
98.6	0.69929
98.7	0.699422
98.8	0.699555
98.9	0.699687
99	0.699818
99.1	0.69995
99.2	0.700081
99.3	0.700213
99.4	0.700344
99.5	0.700475
99.6	0.700606
99.7	0.700736
99.8	0.700867
99.9	0.700997
100	0.701127
