0.10130006980538968 0.006531472449102127
0.1992699334403386 0.07019665556597943
0.26770366945147195 0.24802699734561673
0.332771629666846 0.5156395196322102
0.40005157595671176 0.7526488255354342
0.42539493399611406 0.4874461453641664
0.4758682323230078 0.15295828127570466
0.5203124791584226 0.35313968636482895
0.5419032417267275 0.532819648661026
0.6255252077488429 0.7678548403590755
0.7105077119393892 0.7539159934374042
0.7500678045982634 0.437750932591114
0.790628292969219 0.20322260805385262
0.8218695395067381 0.5237582866111485
0.8797101964777179 0.4260351872518464
0.9104823685813499 0.17718119611757566
0.952063260578629 0.0059223426155237124
